190229631
99507489
177626248
2946305
113223016
191181121
11534299
72018554
75597107
191314532
190229591
21266460
94226580
17970408
11504802
84663155
72168033
17966282
59252696
176304381
161030316
171545541
35307115
174866913
116966627
191291812
151548619
70630163
79445334
74195561
15626054
92364766
191260910
76552584
113349197
50985596
71971488
171760068
58817699
125742858
171089881
2043735
73251197
73494784
190460399
119958165
109389261
119089346
21070827
190739639
15603311
141007559
33575623
190229609
71196242
134791132
11464920
170605567
170722326
17965621
130992987
186493907
121197327
13792466
190754362
11855891
15524085
76525426
41113432
191000772
19385202
59278422
168375196
170916410
14592475
72169965
175982105
33060536
111067221
33281713
22082802
78907401
40074045
18011331
76182904
180993102
33279156
31847703
92527109
88072365
122507276
13723156
109389269
57047556
22816497
172485912
47324146
44581368
73251328
36700453
93926370
72812812
75767181
84596678
11504798
21610428
47324090
113356599
185645838
37030164
104248237
22258892
15674085
56238145
46279103
77026795
122494246
15612277
72316837
7917830
15599554
11573091
93273908
90508674
17965475
35528893
105139694
73585886
56401684
108991550
158492319
50953844
13793779
21062660
22258677
72736922
21880844
67393597
97506692
108473254
72804449
85977014
34279839
92527105
73984972
113222376
46351996
71026876
119933553
68690855
21441662
169908937
189705994
172631313
11709085
27877101
50963015
88069589
74970001
11505572
106700769
33641343
79556317
46427627
134441362
14156423
76758385
32085506
113345605
114051039
73611453
7917829
17961516
147471034
113224208
19399705
113222799
175886807
125590850
185341219
129028345
114418348
19370084
187613875
11779543
94226772
189561742
15210779
74218185
109960379
21800252
106319765
112017860
27869054
45349003
120535481
170661823
173347857
38934555
22819364
22498287
169758675
15665871
111061684
61186680
46353107
23682838
190846556
21795995
142222126
21441478
92677200
50987688
15666330
111287818
165017868
77875151
117500743
7917860
74382064
81027714
2957057
10755339
113223264
168235335
149044815
90654199
36938765
86516589
51629178
92527242
162156987
30029608
163919704
91770828
159863457
17970317
76898112
71690857
73983419
104247890
47324158
190322298
173561222
56004823
108475689
113936258
162405954
190737790
111371334
16737254
58026815
11849549
21877947
17966869
74198813
34642766
32084827
177560800
180220442
43290268
73495304
81572073
74459503
17966903
26390224
106319121
170725220
71151073
53155430
191291918
76114036
72202977
12201683
15789337
76267447
98102161
76588945
106319481
76123308
104247910
113222213
67327272
67051251
40074041
112015498
110687386
190229563
112019077
71158593
129028305
90886492
21794917
56492592
76097128
124961147
71150940
170726270
20117784
17970237
117310542
98102073
103125219
124121775
93274070
109437978
108098208
190313245
26391353
158125789
190229593
112018825
17963678
10764269
58868513
190861115
141452746
190353830
170625768
73197290
113209079
191291713
23830101
113949267
147126105
47064140
56219876
13792448
26390253
121645202
17970189
7917827
94226381
36539571
36539898
52833453
73927120
138938994
117501642
43919208
40074313
35304624
113222164
74811554
141007575
114422683
33692234
172631307
71063421
10754961
112592962
15459046
12704814
170583232
179408571
155626253
104248051
189942636
11845997
106566717
22412052
3459731
170624052
51388329
170570013
53152301
162124438
129028365
83930284
14592499
12201856
51495710
54860413
125745409
45623796
161842226
77036221
159034159
75587577
2961555
88067994
13723108
47064148
11384985
56004833
33290473
98102424
117006834
16659221
14596518
74498576
53159415
22506648
128286266
104248073
59280679
32836182
21793602
124961065
83492107
29918482
131267089
35304832
178219248
180339947
107859817
26474883
45964728
121221709
34352734
11446424
106691617
35260105
40936959
80146758
103940564
49478970
108227401
170706229
42118178
34982779
76738361
13718536
191281238
104247878
33693458
19367919
81926552
190229633
25728442
76096986
10769247
15539973
59130491
13996724
21305431
171969970
159813758
73868860
107769465
31656032
190740905
102990843
104248085
115932957
11504772
110111151
98029417
13987286
83929738
15521571
112018071
91787925
106683138
113222094
112593064
26390471
177971405
51544671
33726345
28071237
122467909
28684211
97506226
34352696
15534807
76672024
22820077
108472895
31804569
98179219
50974776
11838428
38379890
11448166
117789926
98102300
29145383
15233375
140503901
121196703
48365619
79361559
180221614
97503217
191315923
46427665
44581330
158125556
171181184
112017328
112016561
170706566
122522040
110801310
116112617
112019219
96188030
21150387
40347294
105145141
108875525
106992895
72703390
100133391
93274001
110111292
98573442
35583881
123530035
46190946
158006136
22258863
125179296
53150422
15665787
186649333
22391899
13794275
56880881
46362176
21614912
100268228
166088990
32955264
17968728
88072549
114032910
57653485
120800581
29918605
110984867
97034346
50966691
34137709
31803230
21306050
19246946
11777090
189498227
21061887
108479339
188041077
117501275
15421253
148068456
14421887
84709455
97504612
142531832
17968580
95726988
104248143
15540117
58695232
109164680
46542932
116563030
141436097
111410126
21289815
142229031
170695985
51200306
15535484
28602157
17961622
57311628
10738433
12032243
74484803
139815559
112994911
109164774
109229962
14357642
15539821
170725853
36659323
15666350
46453361
19384886
78907399
29019162
110303984
105339816
110984585
40343620
48184370
191591909
16738078
40347586
75707533
170693394
22493810
106691613
17966554
107435769
51363117
107424887
104250469
21794764
16928133
122494413
129028421
46412572
104375312
66667629
11504808
134268834
15407926
46190210
18011353
29829039
16399673
52838155
52854720
85343820
104250243
97029997
13823784
117500880
22412136
11504731
18011443
31803321
121642532
21368813
97037439
32892984
100405048
45416585
185591912
22418513
110665070
91435943
98075653
51669131
141439160
103944094
15784900
16927982
109165144
95729193
12044761
118979455
105835920
19370460
115285688
21882152
180934287
62221493
117500295
13175417
180339367
51225336
176463031
170726283
108629510
114420717
115284999
18011369
10769325
108601997
42355690
81367319
97397263
15454888
79592112
130993389
15453974
40949551
54717922
109131491
106339806
11513635
119521884
99084272
74648206
98566186
16534985
11779504
15786895
33277962
73896735
33500125
70614514
112015096
117502133
170721318
11471940
72317382
21795134
130993985
72225906
105883019
9948469
191515205
25431356
170578516
98029496
191314609
109439083
120561384
74858476
170678864
28601713
111126926
21495159
106992881
27565768
170354402
17966827
50970668
21086544
11625853
15785953
108600455
31846618
67439377
115091838
170656321
103887658
109699775
127163059
170660148
124960418
170687116
29918023
50977676
117760743
50962956
174867178
117691811
107436592
26215008
95478560
170697591
16518143
139815533
68520416
91784606
33688240
187056799
112016859
170625496
40885749
91812546
110987168
107435000
118980937
112018174
27564678
15536262
108465440
91073823
153999410
136895413
33498597
51540386
75634794
88847371
17966144
176598514
112015808
91807925
25430940
109279450
14591865
170624831
13723088
11544511
95555370
98045217
111416489
11407513
98102613
150816501
106691555
109439024
116471200
23990296
11708907
117500080
71050523
84596347
21305272
17970185
170725875
124958471
97506079
177253308
107469336
179490801
93231649
108598964
166498589
100267575
182583627
14719842
100792698
32088097
54432596
46338146
108601127
21289675
51495687
32953037
184620057
107223335
98043461
170630601
16867997
95772064
136515884
97029777
5652533
49858726
110303241
170661666
56177669
40950506
144887481
109164694
123529883
121199177
117501230
177220010
53161312
15407188
21290461
106319667
134299449
100395586
108604236
112016176
15535933
71066375
133577852
22390580
33693364
14592419
22402140
38117914
116487711
105636367
109434854
109435554
96111374
12032787
15539849
94961560
127154055
177142728
190229567
46360224
26387580
101290887
176980600
116482659
75283962
121199767
17966174
21069090
14206146
170717789
48479598
11778056
130322124
114426292
113224362
21419423
15540660
46337123
22411616
31984964
110300460
111389708
53386761
58261045
118784736
26214990
54444545
22390355
56341014
166502618
76377793
13714244
166501287
22497622
12704835
15524110
95874104
100811451
14017622
46443418
21419289
98084443
21306595
71970590
166155031
117500619
46342415
51153829
53161424
93926353
100796754
96704105
171620944
110924727
77979965
32883177
162248015
57507221
57335515
109442099
31709826
59252459
16936716
176267903
58565907
21302483
133543975
66873774
46346831
95715447
90979993
41788931
33688199
74038664
75586259
116479903
107490628
50964146
15455894
113716582
11838507
63281661
149892234
116757372
14595838
116480011
11777086
177824502
15649509
170658479
45416604
60833264
48560153
15525010
21302505
57684537
15406879
108601351
47964405
51493421
70806639
19253115
55889638
97504384
183538208
32160253
99095391
66149297
21289657
38543402
119468349
170725846
99512631
78989017
51391283
21273842
180969387
120775248
66530603
121417758
7917858
16759341
58386368
164567239
109082657
111066051
108598803
114420411
141411743
51150310
76387142
143676227
106319762
48365363
76539431
91607627
109439334
17965791
104028107
117760135
104438439
152898852
13987323
112351928