912679
10240037
133696713
1379981
2454355
10409796
76373085
161409499
11954465
179377378
59504295
161409481
161409467
6619627
43131851
98565189
142996124
58434660
176060005
65097823
47476125
58811363
161409461
161409519
133682930
73353050
700278
41067741
54031205
68006413
161409475
15973974
2983755
39702057
113409602
98329162
189617810
127635433
102507961
95073982
68841415
161409497
133683792
94901052
98578829
164428697
52798132
109488207
161409487
1085852
2454357
58405538
156714377
10409803
76045155
98565212
32951822
112109894
12629696
2454353
51713363
161409463
186272696
50715631
189605815
93853774
136041797
2454291
164428701
161409473
73661838
51932016
5981831
161409483
137677663
161409471
53831590
44899954
155348708
20112005
1085836
140579521
8157210
134519490
32951826
85479195
21842086
169111586
2287867
58500977
74491875
10409779
121020870
16832052
75816521
132208952
45803948
58392902
17943792
124069895
191764413
132275928
113434482
17967602
59213882
10409776
12629734
77059192
52005682
47799619
13409518
59178781
92169757
74854036
107548406
52798128
31451473
166014268
191764412
91474073
54031197
58899983
2287857
177336108
140630666
58563239
5444345
68841409
2287855
192070069
98329192
13409520
11493046
189605753
52795555
17148693
11242951
133683743
140579049
75396264
2454289
53981562
140579508
2454317
70606907
52853562
31975546
51713342
437800
97011808
143911716
55062018
11341366
1379989
23192245
437821
68269446
58451648
53831604
129521176
161409457
10689821
1085854
149468130
1085928
10365764
461262
39310764
58407832
23192253
20225041
147923908
177336110
184861027
32951828
156714375
147896557
65923404
160085647
134971272
161409501
98329093
21912521
161409485
83781964
65859588
108970053
58410333
161409479
177479564
35355472
21973763
171235823
72926595
35957600
7865974
114809856
169581353
186275034
177661425
8082641
179437500
68429315
98874708
98926369
2454283
1085858
136414743
140579523
20550827
98329082
566893
109403839
132340257
153368833
35517954
115701340
72292412
10371298
114809887
92710935
8083719
62012881
161498328
10409789
36033612
5439427
26082912
54807081
176292294
56366146
73569777
176292290
55407453
59213888
180365601
116691537
58406605
2454359
54031203
59213884
110821410
112318761
142471156
56439395
12629704
54619544
31975427
8157211
71979469
9856777
164428699
77152083
109185538
23889095
76537837
161494017
177336104
81787154
108294177
22100933
114809879
52332588
71176556
68031130
151548613
92956986
40367661
50874054
57300896
15317806
92710896
49205307
58444508
68838497
11263834
78021018
14933967
8013693
13724855
177336106
127590999
53086259
100274577
702001
14968699
92710885
135478139
8157212
89654610
51966118
461151
14936473
130078540
116670909
103125567
92710937
57896968
46095231
74911748
142471168
58209083
14318056
14941929
92710924
101378691
58448473
7172559
6805047
136608066
16680747
48614769
155764837
1012268
22448892
192070070
38537281
21969576
682592
122190995
75482123
127076265
115701933
78488318
21969650
130084171
1507187
166525080
73403669
67207109
137847695
114135471
188551103
68211446
137567853
77558152
720610
20366824
700283
147114269
140986874
486865
3170593
176292291
134519488
483310
55503427
51498472
115701938
182709230
21973737
701935
75827219
15214743
2904963
58409812
166438276
152017885
92710957
102507736
135478986
160375156
10409775
437799
157600763
44805175
66547020
182981005
161409506
86300123
27857250
54041532
35322397
59198394
1379983
73110081
135479097
54693149
14000041
437798
37979070
74349372
76372518
59106593
682278
161459769
44901147
72204051
92956835
58502151
181373204
161409509
54690900
7316589
75327881
61470015
97933472
21973743
484525
146699805
76688244
78488322
138956349
106236891
162363155
105910658
106535758
136664019
21196433
141366543
110946282
112585192
58393302
54468363
58407240
14936798
100275064
161386787
24510746
109576750
179437505
148635468
57306363
6805089
54474333
55281845
555914
7958236
165028976
13409453
111422771
1692903
161497171
56889377
160632398
99477033
45561790
460647
189183882
74245802
3911633
127769239
12114032
1064970
1390011
86587383
55045744
114821993
92712533
74370265
2923763
21969658
12629709
114821901
74349349
59499664
138956444
57708325
21219121
58405972
181361799
1379979
98329111
164209871
10409797
140229054
86267511
174101598
57304713
158220857
59213898
116766566
55625510
1915497
108777423
110818552
55471391
3630713
141301361
161409505
14936142
114809866
89072249
6956581
10409781
155222292
2119331
79829048
46528282
178475763
25165565
114809875
114809861
53982128
609585
134574711
58407674
170438004
11631223
161409464
59131698
14933975
6677811
136981696
109393386
52855014
141051043
44805254
55556648
59288739
701964
75575648
16176611
968754
95738122
11954449
59197171
1324853
143838129
3493689
108458449
437768
151222324
53955021
50295630
164362978
180325712
1324855
141651048
189635671
170726975
134971253
166092594
127060622
3493685
73621685
59141672
22649953
51571008
43788503
10825926
130730839
47476134
143947371
14933979
179124206
108777425
58448354
62737129
706046
142310107
137837816
107223696
115701931
6206595
169616595
131386574
114135833
73088751
146893591
133887383
45607930
154699009
5437329
66712870
57753172
50819822
20738755
164584913
59476533
161014957
92956978
173472448
55468412
133883653
13409465
72508423
66954836
140579056
100002376
152547005
49246233
20786906
2153231
484529
189688508
59476535
176669347
38452362
92523371
170616316
56108532
39331877
73570463
172155217
134552882
134652859
13327352
189634768
2906923
59499189
189658809
153368757
437793
176711415
175849371
137677659
8157213
59198388
31917897
5850889
32951824
73233784
66475968
90744761
10710958
190603077
3630787
1507189
151555257
483311
100352556
8157209
174248005
172155215
116244902
25436955
7740664
161489945
142312193
48636180
94487602
6195331
168159686
165965224
109391485
172155267
116765898
58357538
73109887
2454325
33032461
138956271
155510653
25166056
176630892
115248902
62208205
155223170
1820321
29882824
73090608
2592115
91333096
186239700
143598716
98565196
73282190
74567451
125483757
86600525
87021522
155923704
113080765
134652861
67011376
106540843
59418104
140229056
1064998
92712547
63558915
120337484
83403237
187836254
35913358
161014976
16167916
48711026
70567304
52636226
122699761
134336078
140133098
53394490
154698883
3854201
142471171
24914605
76209337
161493580
177844180
181000510
135578753
95586655
63463896
115712705
129767950
68830110
25200952
58991202
20697897
109403231
136313304
49696317
6003013
92957062
8313199
154698865
48141321
179437521
42711125
149348877
161524352
146373242
65097831
575314
14304583
89763933
37932175
89153053
14936810
181000365
114467215
138956245
159095758
45812218
107018074
52132671
92710915
73552095
191355264
109876720
8112051
77196966
74993160
73090602
154231116
50488105
5183193
14936796
141651144
78614219
46528276
21969572
172799244
105736344
56863272
682512
48276314
89503739
14507333
2688453
4345189
152547002
157763537
36374364
92523389
57812465
1012244
149402497
14936136
173472446
190162558
112694646
59106597
74790102
76366855
178285551
914862
1907359
37969824
460645
74870030
62735877
37137744
167910867
138811862
174421532
95071242
171674179
108014199
190701491
78510585
192921440
135321742
146926644
102507712
5506013
3041823
35848354
118897372
2372487
138811872
95497710
3812949
6477053
3645425
190855954
112585188
154727950
1387633
141393933
144868162
41614357
184476212
45014567
161014983
59131696
34554397
77198706
48674301
21344300
52737582
108336882
114467211
55065594
59085953
69178377
171745428
706045
186265354
135578728
20578376
10285584
7645736
5322971
29094855
50272343
180390979
58128212
130048536
5465499
59084471
36048232
37885790
4681925
31265454
42561348
190553807
184487041
21973761
71952392
128433448
45123568
48601459
45806849
85035679
74972981
186278749
114821904
11306505
72301784
136605670
56229677
75622108
109393115
163927514
14397805
163806027
126218728
170253419
192890741
57813006
109392604
14940277
50315554
92956975
72890870
69749846
68267196
146514995
74893567
38242346
59355637
140141936
462524
57040618
180391104
25201654
97703818
164240304
156934924
82659316
73398175
137847627
142028747
140382812
1387643
128112213
2454293
140214504
75400387
59198041
167145110
89153977
1987981
114809865
92710879
137755749
141474699
189361532
71091278
114467209
72505895
142471166
166014266
76755601
99324784
25438346
59256224
2353703
67370523
19513215
43604178
107881916
146952978
57805547
2287801
59514285
7740597
2180351
3630897
97990952
10190866
37407598
113925859
129407988
167933247
53459808
184599156
98565203
66721694
109915339
138101958
88914852
161014961
14304578
92778398
154698851
187188571
56711817
49464252
12115207
74278032
21495674
152815132
179142555
83346082
179928714
73111082
2655959
107018178
121327363
7026507
150565230
83898527
96326873
59548756
172155231
87446689
21973769
165854443
114821909
95735106
114778894
7850312
16688374
99716612
172155239
437764
43815521
146926662
92957107
172155228
192726571
112585198
140141695
90688032
31884922
6956699
74996369
34362534
114241040
138489137
162144158
65514896
184497229
116765900
124069240
6805059
100096006
83781963
63463924
98565181
153368536
179439527
106807279
114809857
105910660