124742926
189369867
125013938
186072745
180396126
155530326
146952333
180396082
155530324
124903733
125897193
180396169
74556865
189371737
144923785
155530329
187302002
151839036
180396144
186359410
163871623
163871637
180396157
147114276
163871444
183743642
155530350
155530336
155530338
163871462
127257853
163871510
146087171
180396109
180396090
155830363
155530394
151839102
180396153
174217592
184410215
163871479
174860521
155830350
161225920
92621126
177639585
160309787
145256335
157258836
160759052
155830352
155530380
179397858
180396086
155530357
155830354
163871504
151839076
163871609
155530420
155831428
151839038
144870451
180396175
151839049
180396111
173267540
137005106
163871604
92621084
151839034
180396167
157258542
155530404
149759683
173404215
186272654
92613134
155530360
190859483
177614108
152350925
180396185
164563256
181483376
164563582
186072769
137014231
151839062
164563398
183755241
161225919
161165423
155530340
173515536
176107094
129602068
108185412
138324661
155530368
172072738
191004769
120461248
155530374
140143812
177631977
174211114
192774612
155530414
136975224
146764545
188696959
113577973
173151886
173267525
172802609
166408725
186065548
155974507
73812294
127372648
119070834
155530342
154224308
183684210
151839068
155530344
163871614
180396102
179408253
134252726
189374794
163871627
151839066
191659040
164562862
155530328
163871670
146644159
188749453
154449036
129594878
164562982
148951559
179403775
163871495
143172646
163871634
163871471
92613021
188719465
161254817
177455788
145255112
135727702
159602767
163871492
151839088
163871666
163871456
75557641
163871631
135727704
180396195
145255118
140758660
164226438
160449448
192765349
48390639
189696895
21061945
129937275
105813517
163871498
186072779
174490365
165118338
189386827
191653725
146146583
190725438
180396116
151839098
161207501
189170585
135572927
163871518
110867583
108924121
163871502
180396134
135268238
75722868
92610142
180396187
151839086
180396130
147356548
149759687
163871516
136045739
155530348
184627417
143337289
155530397
84748639
140743794
186136339
134840902
180396161
163871490
151839012
135727680
180396183
180396124
155530451
163871512
139815379
163871641
90212662
161165259
140309509
174015370
115013249
159602770
163871619
92613018
138189605
159648883
70692033
171086470
155530332
191652348
180396104
159854121
134018636
180396138
160305537
180396088
151839058
168953167
125278584
135347333
155831426
179729113
185614627
135347326
158960089
160449446
192926769
163871481
154224310
8285447
190582852
102768938
47370477
155530449
190725473
174488510
156212386
170346971
190560061
173267485
159848413
163871522
67982880
135727666
161165433
164562541
163871439
172474815
189373351
180396193
186072749
155530410
164562725
190125190
164556346
180396094
180396095
135727700
160445791
186072781
155530400
186072759
174491199
179932541
191652747
163871476
47374311
190574379
146563301
173267452
170339023
192772344
189466548
182434027
163871643
129937277
109548123
163871454
189466742
151839080
151839072
189387430
180396181
171063628
92621088
190455887
127377025
143172648
141774405
133629975
163871517
155530453
181475022
105038651
135727644
171772641
122194949
190725467
192729512
180396097
189374051
163871508
185809073
135268243
134829176
190127507
186208502
192810144
173267502
176059702
105038687
72761522
184670144
155530370
151839040
173267460
151650915
155890481
116971781
173267490
130470405
190725445
143022294
135164444
173267569
183243309
163871448
49206793
192729510
189466838
155530366
135727690
175875297
163871484
186192097
191672391
136987703
121405782
191667245
179755851
151839028
142006894
109246639
124838988
8286686
157591596
151839024
190455647
171063623
150688406
193513114
180396146
176100584
163871460
127363787
173230675
106318753
108591546
163871478
151839074
129346903
146870183
118526695
163871466
145410614
155530401
180396158
72543015
151839017
183481732
144411201
165700032
136825965
155530412
186072765
180396151
141490338
173267492
180396173
155530392
139106496
134947044
171070568
189572199
163871436
155890486
134840901
155530378
191654304
142791368
173267461
180396128
186072783
180396191
142328818
189572223
155530364
184667051
167383382
190557904
48385090
143368204
190556338
190125797
159648881
142366214
190467548
190725476
150688410
189466659
151839013
155530355
186514084
87004942
189697602
159437635
191718168
155530352
162339917
172061547
169264166
186293505
135112051
191296785
186479817
126517384
141740640
173267523
8286081
173267514
171060128
180396165
179729405
136951412
179921128
180396084
81961413
136713869
81503770
147570948
92610140
190460046
194016837
193880416
158583026
183686015
191654384
133630930
173249362
190565031
164346430
190725464
192729514
190460259
190725454
144448860
174216794
180396140
179735994
190463775
161225923
173267471
186633058
173220735
186985454
180396171
184225927
177082147
173267543
137005163
186350435
92610138
127257005
136979185
120461391
186436580
173267450
179951550
190565303
190459921
164427310
169267941
163871506
173267479
70692002
186483556
191694005
170127642
190358982
155830489
176296137
173267505
189466189
149759699
21043975
188691438
179167744
191653793
186142182
159821787
171056547
814103
53827020
144405307
180396189
120460892
177082099
190573371
190725441
190464098
147441765
120379385
189588930
173267566
173267475
174491987
136975279
163871486
137611801
189698261
169520670
190571391
158583221
137127298
186552863
193000989
186445901
189588848
188691498
160449183
188691316
193006241
186436616
116931316
155255994
192729508
191057956
173219171
150656150
191063082
149756673
176471105
189698285
190455320
190466821
186605936
179377370
186137683
150688412
186139798
173147453
190582791
164397018
160449181
190558120
193107344
173267594
172474757
163871452
162188204
72864540
176467124
173267535
140229161
184218976
173131402
186065680
190469262
121405779
186072761
174600624
135571980
190725463
189697988
172472210
160375435
77231973
129356508
189700765
174491445
186636767
137127320
193110691
164960057
191695618
171058926
186135963
189676761
184102199
108591561
187196562
189696941
192729516
171036861
189700810
186635020
177082165
190557984
187192172
190725444
42892572
171092918
190461111
187202246
191689068
186984673
186136707
191717423
121405793
190575840
139716070
171091303
184220890
134496483
190725443
186995006
173183534
189700471
187191357
191446115
189676549
108591554
189696649
187188428
163553510
186228376
186435954
136983195
186590139
189365717
169516809
189699828
186434937
186627770
130743046
186434417
179409290
186217508
191726143
192129968
186392515
177082243
191725627
137127300
151448832
186485270
173267470
184232265
189698164
187187078
186111271
189696547
177082123
68821748
186191702
186434665
184217030
184226129
186620240
190725459
184217012
186979953
136940990
151676582
186636059
189696865
177082327
177082216
186479612
115765061
186973435
164360848
186452875
191726952
192985722
193125722
193880526
193771897
191731127
191717190
193442532
193880668
188688208
159909050
193004841
186434951
191723139
193859975
191723144
191733657
177082136
164340542
134518212
117806374
193417542
192117362
193859871
191682856
190452710
188691534
193315597
186392650
186434258
193127971
92555400
193003017
191655880
192121325
193880468
186496830
155530445
186434319
193003897
180926984
186991701
190558394
193003531
193310433
193523863
155530437
193859847
164375682