183058686
7286351
58338964
188844627
6925971
82700777
82700848
188140285
58356166
191682743
82700818
55578594
162132681
83757503
82914112
170325367
188838235
188140388
188140045
55042458
95312684
132171331
74855108
172926829
84446029
116320255
188140128
32076990
106782807
193603280
193606153
181214687
101094389
162350958
95877962
70816541
188134497
95867629
122794433
162541491
36904256
165211929
45600236
163710659
182134400
73250348
74286072
73633640
150622508
106002718
178084908
189371678
84550772
115343478
21306397
79445330
73243081
106765137
88000356
193051439
105657199
165844516
131907412
165193110
47868710
75365191
192444125
82905115
193044328
99855370
177752663
167598461
170323911
44970237
84721263
45869915
102097129
95049498
166531902
166533565
82700722
162342685
74342785
45347477
172023353
76778039
82865098
186677676
76563546
193897385
143112354
173449599
51033486
97709959
166532192
75447661
36774674
184318068
184241934
66798157
98599085
190086641
162054206
167120724
108078579
116803708
102121875
193596169
146593538
178246541
130866028
50139926
67666266
90065267
68357270
167113260
155010015
36284189
175952091
103982701
67358615
13969757
13969109
58224156
103697834
177320879
157431916
183588024
181774548
107056518
186319563
101135529
168581214
173015547
44248342
193597253
193597365
58355694
72016777
96305953
184301528
193899934
55279177
121685855
73687981
146988766
190555016
177755299
182100666
134416711
165700096
59378641
105616007
124323249
97758054
193345737
184319182
189337741
24754971
176172324
116148956
159909011
179721938
11718057
172998034
83757870
191987016
193602904
184984330
188140231
191584621
191579898
42712220
121327541
168090803
167598351
193581997
9688804
190863305
180347781
106750367
10606028
82874281
95181333
82704547
70738824
78916357
68388809
79116903
190087599
184250524
107890012
186319397
58341968
44317897
185885848
92145656
100930082
110751447
173630780
121258407
178729447
71188276
177297545
82917876
97705793
115643270
184489131
95142133
152494664
184319117
190086256
189352648
116149779
155787927
73390971
118030200
155370497
192673166
74864797
82700793
168229807
184489130
98604460
136240916
13893263
153586369
139492401
193341081
193596257
188140278
116121741
191979213
173623346
191801246
140213462
82880654
116003838
153491195
84574514
83907537
26383398
178729229
87534240
165205923
50339500
97676376
115832898
116150083
172072606
175096367
72204483
123927013
182131475
173064069
19415013
92145164
190746847
165120206
174086636
52241970
95940103
187474380
88913284
25733256
125916656
190086190
106753082
183580169
122903061
174068918
73274182
95181024
56882133
109334441
58027810
139492453
154185239
176534607
189371332
153491196
120506119
86873994
1752845
157054985
177748988
180931684
184217368
140212788
72304401
146365730
105651090
170154797
40801883
186392558
191681179
172661986
184301807
14766645
119239576
191574984
72298386
93372828
55023823
142314476
57942548
184124043
77738462
172917864
104303580
68419614
51033605
185001869
116827792
69286861
141277728
171510704
176212255
191591812
191581725
136837157
191974436
144870196
193900496
120528000
193899678
152005389
190298274
176945988
57268158
188695226
50039091
183531000
55211860
183540185
188140006
188140573
171511775
186321103
172920086
102394898
177061927
114279515
105085769
38073664
185717433
82906978
106771166
132815334
166118146
190290602
73230479
86049538
166530485
192679220
188375637
106756612
135513691
113056949
121223681
184235389
97683758
90061396
184302597
189552740
161253054
112686727
157055978
184319038
184443745
114317990
182135486
162057852
132815390
82704606
72295267
107036163
113633845
111061212
118070028
140889005
82695200
163582662
179571729
182993124
74844904
85398548
174843854
172665271
136837618
177620752
172110981
190106187
172802648
145425351
56876762
184248464
169554998
90174963
67234787
76139017
160796434
106319030
177207607
32111628
26165644
1921261
179170927
102563761
164424162
132815023
182148200
55213859
124863642
73309214
95867719
193104561
9982241
74039114
73154669
56671497
68628797
171223823
168903940
189552621
184226134
146635373
143149651
165956850
178509229
150842791
188554146
145684239
173820224
8164733
172666766
123204534
161265815
1818717
154365723
57938712
181379187
107883866
97606021
98290860
154135275
121767437
72322033
104302496
181247408
165597869
168527252
70896826
124490062
107448620
171022371
54392195
181929235
70818334
76040332
48357722
87670396
49006555
68495051
143148561
73630545
116003134
156205047
15432244
148823856
189266403
186348230
177754100
184124151
109296157
83375721
189317341
184489149
72030136
145289760
88913399
177189072
191652801
146636028
184650577
183726093
167976191
170287941
97685241
186322834
74152362
192674492
181377726
173184279
186677617
146635344
189658777
43816670
189696655
111069944
178292335
157827091
113835869
177758347
150567819
101122310
169628956
77738050
73344921
21220084
144252077
73910468
174649762
182543023
46654253
125138046
150567938
100034215
157569595
124324957
104792491
76257707
144874251
108288511
114847614
165212534
99698447
179519244
114055937
104371437
36061260
133160820
169628004
108974877
174566218
188209663
191044801
87670766
128276501
172536005
21413704
72900314
121970877
140822336
180373666
186460796
190469041
188140083
184521972
116384748
150956897
73517557
190252910
173030719
10916741
176285798
183560785
138897639
100915934
183526306
90062448
193766137
50351284
177755851
189659137
191053033
143150102
188140135
193241623
191591911
74163057
147866242
188140376
157825346
142313141
191978090
176902807
156220827
178226387
187823188
112645317
193770098
133563862
69029915
172019902
193707758
176108096
179520697
185261133
189374231
121241155
191630392
178725046
118017395
193900093
179412723
181248200
156224651
148701217
73244551
97446606
99664264
176200172
90082731
66743902
192677532
118062113
136773980
172677701
176752430
117493597
20709057
114794875
138414169
166102651
146228143
74309526
174638530
15778666
155787960
150311109
174621843
178581400
152163248
89122592
178234670
13336342
55876940
71685449
173432450
166331421
20677767
73837718
161707218
184779448
150311706
185333185
69029880
191052909
183686941
48173848
93052232
177750493
15128387
104938001
167976169
145290257
92019074
14436268
104301948
141092233
20949065
192150873
58260590
148963418
89718548
148072132
111070101
181980690
176021602
69988346
188552613
174549705
154184873
184135820
54457392
167476117
145672024
47970463
88242335
175849016
78880301
177189499
72772089
106311206
146594773
123521758
172427456
182134860
185260654
184281855
58329199
184256408
103388378
85372591
176560787
189473478
181215846
183494286
103431559
82700771
73277365
149148619
73278835
173580969
104301814
32366074
51132201
124489742
107863318
13745082
125939310
73517566
124489997
55166924
112708605
143147898
188975611
32718598
101353512
178310811
121259820
89611971
145802049
51580298
105085800
104849834
55096570
175787608
172427405
111037261
93050868
151505960
52052476
122902712
170276357
179214642
84698240
118027755
107126785
105278580
52059428
150311732
192377909
74215692
115077560
54619232
175787983
77743928
104059014
78879751
105794899
189737693
177461771
129865121
129402755
186348236
173195444
190094034
147795516
109190787
111694609
190092888
116149730
189280565
106882856
143786978
167953232
124240293
184123893
116150095
174113214
174224499
184248698
21228143
171889284
94654403
125063769
119335001
177767384
145575873
117921808
177226431
43855262
95282759
82698680
176756474
115287990
186551994
82916256
67808775
73881644
189365000
97573441
87384766
163747223
174223870
155390408
190082519
104792356
59146535
172987033
74309403
188975900
169833290
143779712
114974220
175787805
103407058
103879919
124324764
56232767
19332350
176939627
19841529
169777057
105656761
85184191
169881065
160755388
169660209
142985933
105343063
155792751
57982432
109214434
118018120
178518522
19804445
55097034
188599244
129402069
185204002
135513787
93044817
129821343
108462912
69175339
181248536
96120453
97579700
185004501
173864989
147865749
181783513
154365624
102485779
124874010
179417238
186862761
85903633
44006724
98604901
151555699
107335982
132269709
143306359
93049629
91160217
141260416
191093290
71895672
107126779
69544976
111933341
133648048
67737032
124874284
69538316
114475273
122349021
176082103
9670279
15505967
95180983
174622348
132348655
113531568
68239610
108567035
177292938
109125528
185903499
165602384
92063856
147203631
150724929
86152553
71153524
113057897
92018956
70283690
175173030
175167031
77744020
104791685
175425286
83686276
114538231
67556616
192459630
94029126
108365031
57518045
151425630
191652601
95038395
189683816
76193493
143149371
178729601
160173106
113057391
147865820
175785937
68360302
184303903
169135603
181134328
190096731
109030124
148840283
117573855
155684485
109137583
107035770
94104798
189697799
112193938
71904104
186105866
107043740
111551870
159242973
20696212
111039277
189696900
104518763
145760525
108314567
82700704
175470671
177736467
122351619
183725508
169191209
75181208
115124758
117003535
69837040
107123520
146593590
72561140
125620564
83812939
173003270
59477629
83852768
184913135
111874366
182773174
146957711
178035419
168505953
190229023
109521970
28390948
150633339
190081074
178092582
105172727
120562477
160897585
177054637
52664710
93050991
167461360
95940700
175810444
193044269
150313345
101125834
42735160
175834288
51572500
60848341
143666625
96359923
32600116
175195504
182148354
24753944
103514690
165737784
118023454
112707704
72561164
67386488
118022753
83857592
68772110
133807508
53994603
125138138
102394820
191655973
168092538
179413944
109029523
154859971