184036446
183330021
184059211
88255880
184061913
113569117
57809866
132068858
187266104
123345348
164937168
172998120
125182567
101615454
135332196
183243019
179547641
6597807
142545270
103168844
184058811
120295859
142545264
173764269
72882726
103046198
190863211
161964615
163914808
128865871
177746939
179438706
191089547
160801751
168282061
171934203
184294674
159887243
162593136
186082748
68693081
184287364
166034912
179717941
126682340
120450353
125766378
179438711
14507169
103168071
187254759
153581568
168365980
189475979
125245180
173764601
177343384
184253251
181503298
141739233
99376042
102077313
107348438
158714974
166613831
82075493
184248127
170581659
187332786
150724369
180870877
189677315
125171841
173388755
177141832
34942696
189930853
172340710
146364791
145414119
108889353
184640901
164318603
190542002
127058588
98691894
184282749
113920312
160801738
160819119
158595550
149776401
23865953
172920927
164318470
109516584
99862142
171190775
147969070
171169353
91612670
184250975
127076439
89888994
140184098
121744434
189658085
119421964
171323116
153581567
184250010
139632023
172178476
135322157
126050455
146365404
121252535
109709479
155339564
140221779
181977398
191548208
167495996
141122642
177814469
172826900
179589103
102565233
167465972
126219116
133545037
170165000
181264344
43924153
163907656
153581522
169749516
167267098
119464777
143358429
125753291
179930699
138134989
158461088
160797086
48324874
126051025
169744469
81034656
173450217
4048043
96661748
16521748
162583902
112695200
185887807
91455867
168940033
137572223
125600698
179930704
162728553
133599948
120766388
40639597
162866839
179159231
163039754
172589109
167466044
177814408
174085242
21465183
100993285
143850131
189937184
169734908
188701409
170167264
70839193
112821872
178000116
173387789
135266139
135228421
109702279
166389506
90147619
73842403
136383784
176713246
184696247
81027831
172949839
172160182
168304536
123565891
87866915
189680710
162028936
159725951
131028406
108888574
141418024
181452535
171897574
21466227
31261844
170727266
62242668
164960337
183337963
160638488
162593114
125590981
162583980
158959656
173557858
74492306
158741127
140146799
169547788
151588148
145762126
162593187
158880691
172329599
139812836
147432444
191477618
143359355
125753416
160051494
31820638
21317030
159887168
159853930
169520871
162478086
160556149
168844555
127061391
175424428
166438257
158959446
84715674
141258685
160434731
167611667
146261771
152880374
158742790
172001933
190547041
140309479
171117665
137153211
155267463
129167166
141663080
172828967
125755148
149148398
168183442
167465209
137582801
140940220
159887172
176285303
170165658
142667084
141087694
164318521
174598949
58065346
122171440
141546635
151463645
176902805
72310352
191824177
163907696
169744019
170448099
117929538
162355432
184578632
167465704
32923672
21317020
144231179
157835051
173399087
113588982
55197731
11110653
137864049
168304456
62269749
184282851
190290064
190530084
160819279
17751071
168055450
67910637
114092342
170497385
167952107
191267387
184284174
190109961
127058581
186591556
134677182
173206400
83368040
120135792
181266509
171221070
129167418
165965622
75321722
179489992
172334001
179159226
170775712
192859201
132234204
163798558
175147005
141419419
125769357
193128003
179446141
88100671
73509365
171121228
65492829
171254543
172175893
119461456
163907658
179554879
192036708
189937447
178575037
173164387
181699158
176036536
143384981
169746571
158091991
129868798
169746566
145867932
76798064
174589577
177814473
142419452
191143475
181698967
140741819
175167498
174422886
168094334
91159173
113060205
181699312
142419641
169459378
181699123
177814405
191350420
144870494
165700071
105830021
174604032
163798675
93502532
160799946
172670979
192333182
155833852
192839201
191548108
171110666
169457923
74034401
175192238
190701486
145867907
185931194
174067758
125755135
160203316
163798660
127372598
164923596
72042076
74776150
130744724
125755152
147877951
180745945
181699058
108888161
185755283
185225486
174890393
118486668
190582575
143275307
152949429
169744522
72290345
192172856
163798644
128446446
125595055
188947241
172335599
193733976
191548156
141774833
178607570
188878527
177814407
191548101
167219399
188882075
145554985
122171745
138305946
193712962
189937468
72310420
169756083
159733672
172313857
141496858
125755208
5868813
160372479
171679654
188698092
177814436
188835531
174630782
169459856
158895894
143847698
136975373
192839254
162574433
188701072
171121793
177814448
91616179
190544267
170338359
138873172
189935273
173205160
39047200
191548181
190558337
161178498
169744014
190582098
167015200
162574450
174593387
170338160
91281318
118174895
168526284
155924857
186243828
181698981
128895957
110187857
11251935
7447383
140144656
191474184
192839231
190558212
169744498
136876846
160450655
145905253
124877310
98891053
193719442
91616169
192839219
59519631
172303189
177814440
174649410
141529940
174865709
158348723
189466001
145751598
181699003
161158099
162033655
140103125
148701811
109421292
179234820
71895965
73273126
141133864
181216830
140747649
126730457
179591105
181699331
189934829
145972424
168953347
169307929
174599533
125755137
190702606
192348147
188712123
181699278
189936137
123565899
181517965
191629873
144142520
4048581
101635486
76798342
191474322
190691224
188543973
125755157
145907337
189937161
168520983
117929342
175193503
189937174
11415485
175851126
158595043
190558358
145751360
181699025
189865253
181699067
189935254
188868071
181926713
171852890
175174449
181699026
53330127
167383164
181699053
169746577
181699289
189937243
118139108
4059671
11374712
190702391
181699370
188701588
105167708
119421043
70858342
163149266
118516328
189934845
160303941
163907701
144201385
181699051
84757299
137203873
159887161
186745155
189937198
121154009
187141700
140163114
125755189
188698703
185225597
141480009
140743889
189932634
188164633
172319352
171592667
189937232
186149961
158895857
35839515
150735429
164444757
191916060
188833574
103849174
163149268
189930842
181699258
186750451
190845657
181699210
188172678
16523479
188844603
143059636
188136287
54882670
186745374
135284242
164436745
186750485
190558359
189174201
190843679
188833794
188161107
189934874
186750397
38309582
11802138
170165701
186148059
188834089
189932787
181699208
188848998
188846950
188832981
188948039
185542957
186745293
47292697
186148233
113475741
145367822
188946882
190702241
116583246
186147887
136840120
188125948
181699369
189934859
188948646
188845278
188833923
189933317
11376644
189175871
188832832
54989813
191144763
131144991
188870406
68847367
188834734
117347869
188837747
165760946
188152893
147426081
189932809
54683561
42333095
156222386
188136633
188833417
52326343
188129338
54664144
59238806
187956746
188910390
68840521
129368424
188916959
188846768
164433441
81647780
118146255
189174390
53380152
188907271
188844932
188849154
80132874
188941654
188128834
188848407
16518032
15428119
48612183
72217400
130841391
94453667
189936152
188928211
116583413
48613176
176909016
189935268
131246568
52002453
188128210
72194096
52480318
14508445
93318213
68842354
129356132
58146831
81647765
188931297
72744821
52481412
66721702
102620086
164435092
83472273
52644706
186136664
70840366
81647773
190558349
186745998
6598039
192694043
4048707
159887246
147438290
141087510
29440849
172537996
126296983
55518608
4065251
191636459
184667324
168062573
194125248
193263880
163875403
29446449
96284997
189934885
193310183
185548019
194037967
194041787
194041977
194034217
194487223