73124602
52574827
53789448
83412126
99868980
126725438
56941523
53583472
58804363
99621372
14453485
99994000
1657931
22878295
127031393
11488920
1918591
84566545
73125530
2119173
72652203
70656791
90531871
104270135
122700651
122692850
162590067
182971940
52504270
169848307
115092053
3258989
48045630
138952791
54484578
71890908
125913928
189339895
75615959
46202190
2153235
107961500
58312952
164479566
70684212
112321595
146262084
17423771
1399571
174236741
73638934
74396976
3480627
120552065
104991715
75664370
28445641
173211404
190614162
180378151
165256438
80617683
113224438
54145105
98562149
174378686
2119169
187616941
17593518
892121
11058658
92521124
153066085
74014046
77775165
171121490
116819040
75614459
119195755
127058707
117195930
187783096
117353723
116726951
170876560
134242996
21441057
165404269
48716779
55900887
186202546
131407951
2151853
71924330
57867023
147265074
168779219
57867024
121268576
64988886
110001215
184518628
122642488
156165766
144448098
146887829
53497035
173732608
1453915
91204885
119203295
44803282
59598451
71178441
77280475
104110135
142261128
104681303
104680895
33067171
55365176
163550425
165346784
74598515
70655135
176309604
68053069
132144116
892141
58357614
165013585
119007194
65162494
143841853
72459016
32328782
88241130
31206755
53066875
116811832
65501191
149959628
189491905
54686184
66621525
3526073
35905855
106457363
52756206
171319644
152018784
149573787
26334551
52123005
122911188
143838330
74605907
112760341
72332230
52885368
71091864
579854
56336206
118960590
177610565
34818286
186627908
141246639
71925358
182432982
173635827
59259444
578967
52187161
135442399
96806548
10227148
81141333
147384609
41886085
49950625
67650750
14640240
4630783
126257102
57999394
1453913
949687
167749983
36560504
781987
118858137
152816167
69927147
2153015
173701257
134853381
55875210
54682452
94891198
1651191
92453371
579962
128206072
120759154
185910176
171734583
170498175
1400785
46448999
12213522
119030223
54051410
57945711
75340681
36379695
136227595
169696716
48722252
134351529
146509745
56880195
54622263
67823334
22764290
68413077
14681534
69909973
55630076
54389333
96271704
68716601
113674505
61278429
109654810
176598081
115819662
53599746
73116895
138910755
130767592
54075478
76834277
52297710
24423526
167507252
134582052
155571947
54752502
186991942
59401658
77746708
155794592
185380278
149459663
4497007
128969410
172816524
72515117
162526068
177158773
180997554
74651405
53647975
110894852
184243300
69929041
73935625
35422376
53467695
59425995
59318679
186879900
87873126
103780888
116191376
51662145
19920948
181410158
147976287
118966833
36379705
3677797
149387829
181972675
1325511
33404972
153291977
4605701
128623891
71544914
6895385
138507381
49378093
597580
169978766
159971094
98116109
19703522
180001049
125739804
56315208
113458874
115532506
114789036
97817455
124554405
183488628
116244976
104681179
138534630
91892226
70357713
187960080
54476660
134360858
105892083
53518638
88230880
7699062
8095711
181909427
48594883
53715506
165085520
169772189
176799999
82877146
2127549
71682503
21582013
188919548
21466758
53830678
83927711
70820849
117125057
119309533
116041658
157055245
140934602
185743628
1012142
104681142
54758744
173806101
116048764
137671794
182602992
133245917
71111080
98556230
146384829
74296343
173164746
70536777
35058677
57272706
579928
65446627
1303927
105657875
139562345
118997870
1398733
2153187
117002182
178078834
171476351
141665270
152919527
32178097
88222310
74935368
10032000
119112667
51113899
80934535
174162725
152561356
72044284
89992214
57335326
67932480
70834665
3677799
51530502
174619828
23264614
46178511
42446559
104681252
54122078
72615961
186582177
48510374
105661295
20476542
51969021
13735412
51219097
121741414
102488853
14764119
10585365
134419412
88042657
94778000
54130086
188769126
100867528
20297179
56383693
121396300
68034681
38113336
83927709
51473042
167469657
186255503
174840608
50393230
78890431
20103667
56562973
165844783
134283118
57046106
68716605
79691104
11291289
98804083
42491736
109662011
149617968
71087163
63051860
15839139
54582729
160310283
85029598
74972494
10751030
190553620
52578184
148810239
58852893
55465365
87676099
48287902
162406191
81936300
34816875
192566026
121170724
105717965
116198000
106281034
183907622
72049662
117059826
22372768
125838543
72904497
131407862
146373034
2866583
35905857
148026925
73791905
15666493
106208918
84710499
128935485
466737
22081865
122474823
58448882
136073592
83196608
94305891
77304729
187608312
116900550
81936241
87993263
88914388
164158123
52238726
96183241
16284231
186555776
188940690
80591756
68716607
155546820
107879022
59518200
70564013
7877925
27609461
38114299
19765310
138534578
32178088
58402022
142382946
139600248
976113
125084260
54075243
12030860
34171666
50617552
51005591
129747054
152700947
6816541
71999229
142214410
89429157
12736380
163574367
116721325
106281094
53116344
73510651
23486298
186142362
170068458
184245470
34230976
72016946
25246033
38666598
68478297
62231649
98153708
14981747
115972805
146285757
95469369
153467342
102464159
134581992
55134471
48947626
119220427
185653590
137572447
59387881
37812750
160278163
154157961
25107085
160356456
73147684
116194623
178515121
19298165
145431792
11341623
191138579
44814577
171198348
114976767
55580718
59151859
162360312
111231135
58828647
52238368
158610820
141681237
54412879
21101765
161225352
85351583
3515227
184243272
169135821
159000756
108732479
46104797
72507772
112946538
123531334
75783351
10227146
76451291
2004743
33678807
191367832
68513020
35876754
76046302
187636657
73149807
115785215
14088456
71174837
8275143
184737864
153501395
130780858
72797082
98678067
71206737
146432055
76827765
46211207
17491418
24417530
75302285
66948895
94656236
125658476
142989680
77947848
54625005
138830694
186554008
139815721
51997651
167019283
55126177
52260520
16070495
107374566
100522012
73529777
162548473
176076047
94724913
185004372
53972329
69226574
146561305
82387971
97099444
174618568
185003134
146289201
30008695
72944511
185138439
181909432
72527573
120470943
161488159
29573914
1611899
58678597
178068438
158564660
134360863
80657249
118102419
140656713
194005519
52178643
735534
96180139
74236596
148873333
43759208
91271771
110462470
75659112
57045660
19423384
38462026
53973090
21301419
152915395
48721969
71203507
59471210
85763912
150828311
36313228
115506559
51843538
125771437
76225928
174128094
73467694
74422509
7699064
80531263
52319703
73743740
54348370
92500133
119449900
169208802
154431208
86415012
184519325
69198239
67812945
4370161
51565419
14475787
111521047
192258425
7003307
89308474
8076320
26670490
186348775
96209890
72458022
132776173
159012113
148654134
83847675
187058636
170739244
54143224
21072755
7989754
76288522
173854526
148713415
182148476
7699055
188375633
17941981
121334945
89980825
120470898
135350935
21145821
49556908
123446706
48739244
7202377
115673330
11181113
146845870
19719366
110288173
72710582
171543308
152556226
113672861
101893893
74307763
93255578
106808360
141143706
54624288
79445924
19920919
121367420
19605453
55052995
151951359
696349
55834681
84746981
68521325
162366804
7589208
191506484
133866129
124594348
57025453
33124973
150663096
147020767
66877902
155112190
87620719
42467135
165029589
164807677
13158001
180734570
77577550
10683538
155156574
162597633
115966800
173280966
73230427
49802311
794973
58677578
143322314
107237893
155214629
26491454
114843862
134957211
71987975
155004399
69253420
164232164
20104505
107357043
148769932
141298301
45098399
116209481
38309801
103379734
90523892
144047912
80931258
25153119
3677753
11220810
72467949
21459762
20680352
38059858
67057767
120166109
70083074
64700139
188701070
72015075
92441037
21482866
117370665
23476097
48716910
150840961
36300228
135059226
127215514
14289341
105027855
58456783
72049797
99324909
185051474
59410891
53789152
52524546
164221887
6492503
105677064
43110675
95213639
143217219
45300792
58840638
162577287
72041730
169558291
82875291
138830944
44321391
179994345
70825693
70410304
114204740
109004526
13729970
58172796
189601339
146932113
54812977
53307149
12622141
21782438
162356111
73599525
105812596
124483451
20422266
58075258
172709177
131407865
114680434
1084776
94440129
78025846
188447920
39292323
186693022
147661901
193160859
180750013
75354717
70824754
73100586
79971957
189492088
55328992
184519521
103824097
190989483
89169943
6710595
951811
19929974
52760599
79267304
14814981
2075139
141469357
51738088
76443115
113454140
37289595
147806385
11581797
45312694
143503587
67416013
107961495
143779168
134283146
145716620
60210004
143001862
48175867
150168468
14448546
122277622
143000135
45382725
37266691
67811819
175210267
67262282
116194000
114446888
696521
108243370
54097692
11593105
50495374
137175849
157169614
111410597
57708582
176592360
96175682
119363942
57755151
144203367
132829504
54460849
142441475
134513601
17002696
53830664
144203236
54071386
47108061
3926197
59452008
172447892
25678666
42354346
71342375
59496487
52293501
129260830
73885920
145392489
107444368
31978973
5853283
183503039
73571724
151556409
23991110
77987439
7478361
118997208
17008839
657077
116681853
152351689
44350764
184913941
53926794
79888344
176169965
75624900
143299139
76296651
114538193
171022457
186558014
53257845
25732695
32072094
57712474
160566759
27948515
126109966
68460091
48722108