67538621
145680551
124635780
31638135
31637590
110704393
99325284
182123025
7599073
162033134
54711023
172210350
99156609
99958075
99183754
154298071
79435123
67219653
98942159
93206501
162354106
22654030
82819910
99968881
76537581
52184516
84963179
85113305
133821238
168067501
19814067
167432515
165683421
183678213
176897877
176251118
165031772
87981660
160393397
161462509
117922480
109785270
52189164
100020935
117922877
99220822
4965821
73570874
11531573
95052893
99329103
188936673
104192739
162427290
151047669
144162512
162500661
181806714
11203758
114671372
58962353
54713517
117918685
54726271
49165591
53745830
77730232
177305333
125800026
183314053
13670345
163149118
74325739
72691958
186133766
150568002
7707691
109505656
764366
182985393
158720374
14528867
176663088
154292862
101458436
84737582
68573034
4382605
81582881
67903869
141540054
177962569
91406858
121647716
169347707
173170078
174633388
141538491
91282342
95898957
179161841
141536928
99624649
178238267
117919459
56614642
172067423
71909603
172437643
169120359
58838015
142790707
114285672
50126508
172120459
54726447
42899542
167420405
9730171
175414040
171544701
126209464
88011606
145367918
174489321
98690795
52320136
147987021
141959880
126700166
109061178
186608965
104312787
99410538
176552621
111873436
137611546
20368574
52720544
162241771
103546447
176663149
71985742
114927908
176250783
81209773
172305521
20517959
187597049
107896589
107801368
75753493
104904605
104080625
74536479
115124831
29408823
76698261
141959833
108568459
171554484
178307431
100897026
74982138
179216239
128276418
30885248
109783750
16712370
81602950
14702607
153808167
125777295
73214429
99993966
132809513
144752742
117920406
140523294
168313014
17912482
98165465
145306217
77745744
104063916
167426128
55570768
76122723
106746036
81825319
183691492
87941257
117921773
171550567
143666661
62365055
188382430
188382189
117599354
48533834
67905472
122069476
168212341
111972654
86401738
117918773
173048973
76826868
116149147
76271955
162389118
54446837
14694284
168084779
99994626
76705881
108590630
191364390
112297509
68202834
53537690
107186342
14694252
181695098
171871501
147993437
174301048
105259468
192904662
113063601
125784347
106700369
67908439
111664195
169793061
7707600
112651635
170265036
15997524
161455980
144232133
82947350
22490714
186995127
66647292
143154497
186493602
53486555
20518819
171169399
109840857
90363325
138748093
47811534
722256
99330465
35087712
189336479
73742258
176727684
73667467
134439494
82134171
139002166
116105823
76091452
20518075
103076103
95020672
99091895
20517958
72513159
35231630
34911128
95054251
87531809
176718044
117921774
176664455
90430953
114571809
114982437
168100186
94737049
35572283
161413668
190105748
32386665
20518143
66721969
20518253
110114383
30886833
192178889
55411656
74547453
98179140
7170169
11270133
167435464
124884056
145266582
114323545
48048978
84736417
86037406
73748479
167029753
191710186
85649625
23453099
73236732
117920269
70509301
111403163
161842377
164310669
31638205
59234549
173164817
21414664
109194816
189190853
76301321
161464952
54080498
174314687
189152786
160370118
186192106
159100290
75597554
110938120
86813448
14064627
55145188
188059474
119295772
90979601
80370929
71644192
20518591
104063412
34328573
160394587
178309084
117184946
33610954
166322077
126146318
167551054
104109417
75355716
96129122
190826389
94794850
81938009
125916371
103850371
72864032
104727198
75764852
107324722
20737439
14759435
58291126
91951896
81676055
29087546
173356046
4399961
91829352
82518320
110095851
90961454
163553232
97057130
57043691
125068679
108400889
99995337
162148842
22492292
121252846
180316557
165678732
39331191
74532664
163645460
56742918
126133447
99654333
147448127
143149270
149916600
192394369
74446438
145263868
109405991
81713924
174301605
143599914
98878632
164085080
164209878
73531883
13323793
54500048
100868615
116125747
98743981
103596425
110309352
53032951
29436675
162526851
120471383
105260567
82528875
143148638
164081082
35244585
86401633
102122394
57758774
88011112
123631732
189938130
147570724
143157533
85086749
72568280
105275706
98642412
114276615
105344835
117919594
111405039
116149935
117920287
178514706
67294572
72852442
107465630
91007411
92137226
131302969
20464385
73219234
117919357
22654009
24864749
85347052
76596135
89799897
90981469
76406761
148994401
56490062
91205203
59506286
77604572
13632609
168800596
73473769
85911763
76695413
122069831
16917981
161708199
117919013
82219771
164313903
67705555
160418455
111667656
80170574
174038148
81716206
134702556
114446808
110813116
104681929
73209700
73209675
189643225
133141614
86129687
104174474
183553267
107411611
110873124
56539993
136136563
164344210
84567772
191657368
111599765
190864008
121221714
111664972
14840914
130858100
178102021
108334865
82219607
84542452
43333663
56465215
129458427
163547666
74279089
67516317
164338704
138414268
98624092
98224496
115278487
67184647
77535907
104182435
86988226
110751379
22760941
75407543
58613402
174625464
188428155
166438314
79957683
166439321
114307325
111668939
117922125
189848825
161028544
83377872
17616580
193062025
87469367
168872132
59387818
20518720
59556296
139492179
58487752
37543602
153486456
82528892
40321374
85086740
121622214
177279304
177092938
15784024
80660987
84774634
164312469
20518554
73096116
172367482
58991828
41531018
13781471
176126993
193411365
193549216
85450263
184073626
98642398
193398244
104932826
193411281
179162795
19242497
111197637
72673381
107986209
142389115
94808483
117922344
98660124
109403033
171451353
72759992
111662979
125996824
163546188
150213927
74532752
68292008
188317704
110473891
74767209
117922370
172283830
181169615
105260261
174052587
50723696
125916705
87940800
167008056
110112308
111560211
134228205
10833839
110751243
53976813
123137404
150685095
32901964
163647664
14847948
169569534
56041700
107643677
59473713
20527249
104064765
46699028
82518270
68138251
2609325
72213944
90219503
188382429
37942661
38496061
130029779
168273012
109567299
87474344
98625510
114297558
103674700
188382496
113673636
86127273
43154580
169282043
96128951
122069599
167429481
49375048
174070029
117083129
72558439
163660862
121693249
111663767
114193983
130311907
144146564
116150024
22620760
75329276
189472767
117921884
83160842
142409966
181097419
186575311
74403933
72516112
170134444
117083556
76705473
126126603
174038027
134641418
97932472
160221777
72679591
120507563
93710743
102524057
164230858
181166110
185448417
87570384
68200548
174279453
55594439
114295736
111667836
90241047
164455074
75826661
104165242
104178607
167431552
157476620
97823540
112099693
58062730
134529805
119067995
108568186
189181975
72512336
123887241
98668394
107707462
155614227
95053519
130167692
75587619
100148406
76703202
71918836
98902335
87012977
169332884
184059220
134615733
146935717
175904694
188576329
76093557
72305878
189189409
167307683
73498258
102708563
19739465
85642174
87480137
59518446
173714238
174434633
163722627
68571414
143224724
20261362
67905071
15394417
60231339
169409570
185524989
104162820
106904978
162174677
63931679
83401616
70938045
116149754
117922919
136157116
72812371
125485858
170324448
163553865
136150696
145758328
81513561
125362431
71114262
57800471
98380938
146265626
47207912
191657293
13690239
4027231
1635403
191658148
112093770
98662797
94107643
122559240
160418420
169682623
167308233
49308644
174177179
78924987
102807194
76538210
67734872
57172213
188318548
52340739
130745782
67488235
6982965
98655711
76702465
20733222
129425746
37650433
117922687
52144946
117918797
165782965
72639228
142000932
76143101
107370524
6643973
94879310
191630127
83616147
95939700
89264090
145977891
90885772
94659387
177769818
56461355
144207421
83394132
74760820
123888611
52343026
84315745
83638546
117583764
25643889
20526207
112086654
114189771
58441436
82984729
89266198
146504658
157822870
99926165
75320881
117919924
190702279
151495563
62759095
764560
91860710
167421285
131880173
163716780
37942301
85445610
21191213
81141012
119076468
181114097
87013053
169679982
117919474
125605195
82517596
151801291
155614158
98622341
38154884
32404446
91848059
185592566
65109975
174316147
138748315
100148987
143222965
57026623
146080524
21923322
172282605
137643038
76158665
125730758
161925871
81713160
125410120
181657046
81714274
178953064
143147541
153553789
176292749
169567516
57693544
99995624
53542816
126120021
76828779
94024078
147453205
2609271
180990114
169984015
58946442
85087388
13609350
98986628
11246610
191267443
78488663
53498654
111681304
98622976
115325199
118900531
85256178
169510273
68354319
53976683
191657329
106714415
121694897
104170219
107338883
68918584
46601617
98625330
176599627
163567976
48949831
169409673
13717913
110751273
83160830
34543749
111670297
122069534
174101113
134757633
111315071
169748569
67543755
106700331
159694013
116149838
166276814
123953463
99488381
85185248
15992824
171097627
72641169
138394281
44818985
9828937
169908972
171905408
109412109
176107618
177769004
184981886
20521382
10833595
110696030
74279349
181169307
85256106
172283470
57304539
113919383
70509313
81582761
160082877
111666918
105260678
105302808
84757359
159124062
94104376
177858485
117920710
104740815
92914415
111669443
67805177
158600970
21491979
162210555
184437575
72101209
90078846
150731971
84826810
101150132
173902759
172281408
123204495
111669824
20523947
169485952
148985495
155147237
173872441
104164327
176211378
125355106
162036403
67951264
111665229
99142960
58065184
87010975
151799597
84462082
103595883